Date	National	Jakarta	Jabar	Jateng	Jatim
28-Jun	28320	4624	1396	2266	6957
29-Jun	28487	4494	1437	2421	7051
30-Jun	28703	4280	1435	2524	7231
01-Jul	29241	4325	1477	2587	7196
02-Jul	29740	4314	1502	2632	7356
03-Jul	30091	4209	1529	2716	7441
04-Jul	30834	4163	1601	2761	7727
05-Jul	31473	4123	1695	2904	8101
06-Jul	31798	3982	1804	2956	8272
07-Jul	32132	3919	1836	3041	8408
08-Jul	33135	4122	1912	3171	8546
09-Jul	34668	4172	2846	3261	8777
10-Jul	35349	4243	2926	3213	8762
11-Jul	35764	4392	2974	3263	8818
12-Jul	36455	4626	3014	3298	9109
13-Jul	36636	4692	3078	3368	9042
14-Jul	37226	4835	3125	3418	9022
15-Jul	37247	4897	3059	3541	8638
16-Jul	37450	5068	3061	3666	8347
17-Jul	37339	5176	3071	3546	8178
18-Jul	37598	5391	3097	3562	7816
19-Jul	36977	5358	3120	3419	7565
20-Jul	36998	5556	3086	3437	7395
21-Jul	37083	5712	3111	3443	7302
22-Jul	37037	5731	3118	3562	7137
23-Jul	36917	6034	3166	3667	6800
24-Jul	36808	6058	3238	3651	6846
25-Jul	37218	6261	3277	3732	6729
26-Jul	37342	6480	3305	3698	6632
27-Jul	37292	6826	2944	3783	6524
28-Jul	36611	6844	2445	3740	6414
29-Jul	37319	7160	2491	3764	6202
30-Jul	36986	7349	2302	3536	6031
31-Jul	37338	7360	2356	3573	5976
01-Aug	36824	7037	2389	3402	5728
02-Aug	37244	7273	2435	3307	5717
03-Aug	37595	7591	2443	3282	5707
04-Aug	37618	7771	2361	3242	5754
05-Aug	37530	7732	2476	3221	5763
06-Aug	37587	8029	2526	3142	5566
07-Aug	38076	8487	2611	3171	5438
08-Aug	38539	8653	2811	3180	5381
9 Aug	38721	8529	2921	3255	5403
10 Aug	39082	8784	2927	3164	5315
11 Aug	39242	9050	2979	3157	5222
12 Aug	39017	8745	3016	3185	5164
13 Aug	39290	8955	3097	3272	5060
14 Aug	39484	8797	3449	3402	4996
15 Aug	40076	8848	3650	3468	4956
16 Aug	40296	8711	3690	3568	5041
17 Aug	40705	9040	3689	3557	4947
18 Aug	40460	8946	3718	3570	4864
19 Aug	39942	8913	3770	3563	4736
20 Aug	40119	8767	3896	3591	4674
21 Aug	39917	8976	3859	3582	4688
22 Aug	39706	8898	3806	3523	4582
23 Aug	39355	8806	3356	3641	4511
24 Aug	37593	7527	3282	3691	4487
25 Aug	38134	7624	3526	3744	4475
26 Aug	37812	7568	3674	3703	4428
27 Aug	37245	6779	3742	3707	4424
28 Aug	37818	6757	4199	3801	4583
29 Aug	39132	7001	4478	3881	4898
30 Aug	40525	7720	4560	3922	5115
31 Aug	41420	8351	4640	3993	5034
1 Sep	42009	8506	4801	4058	5034
2 Sep	43059	9069	4866	4091	5076
3 Sep	44463	9713	5070	4180	5079
4 Sep	45524	9768	5368	4245	5116
5 Sep	46324	9901	5551	4208	5136
6 Sep	47509	10267	5670	4249	5045
7 Sep	48207	10629	5786	4344	5076
8 Sep	48847	10693	6044	4427	5003
9 Sep	49806	10839	6281	4536	4995
10 Sep	51237	11092	6507	4761	5127
11 Sep	52179	11139	6486	5128	5176
12 Sep	53638	11661	6444	5352	5169
13 Sep	54649	12078	6404	5518	4785
14 Sep	54277	11436	6443	5439	4726
15 Sep	55000	11499	6527	5438	4734
16 Sep	55792	11817	6606	5640	4729
17 Sep	56720	11964	6625	5687	4746
18 Sep	56409	12172	6676	5457	4678
19 Sep	56889	12125	6592	5285	4608
20 Sep	57796	12178	6595	5279	4509
21 Sep	58378	12202	7016	5176	4511
22 Sep	58788	12565	6992	4956	4424
23 Sep	59453	12565	7325	4822	4289
24 Sep	60064	12435	7868	4542	4174
25 Sep	60431	11973	7741	4589	4102
26 Sep	61628	12519	7487	4727	4025
27 Sep	61813	12426	7693	4864	3827
28 Sep	61379	11987	7872	4959	3713
29 Sep	61686	12086	8075	4962	3580
30 Sep	61321	11776	8135	4987	3494
1 Oct	61839	11900	8551	5094	3455
2 Oct	63187	12440	8895	5218	3360
3 Oct	63399	12513	9128	5385	3302
4 Oct	63894	12866	9282	5513	3215
5 Oct	63274	12888	8980	5673	3145
6 Oct	63365	12947	9271	5725	3112
7 Oct	63951	13157	9497	5834	3125
8 Oct	64924	13278	9766	5902	3114
9 Oct	65314	13350	9705	6094	3098
10 Oct	65706	13311	9594	6217	3093
11 Oct	66578	13620	9244	6322	3069
12 Oct	66262	13720	9283	6274	3040
13 Oct	65299	13655	9279	6440	2983
14 Oct	64742	13485	9184	5819	2935
15 Oct	63231	13486	9463	4040	2878
16 Oct	63570	13525	9500	4078	2804
17 Oct	63739	13372	9560	4164	2706
18 Oct	64032	13252	9426	4125	2680
19 Oct	63380	13040	9590	4084	2563
20 Oct	62455	13136	9829	3913	2536
21 Oct	62743	13043	9920	3894	2524
22 Oct	63576	12857	10301	4033	2432
23 Oct	63733	12695	10476	4119	2374
24 Oct	63556	12582	10224	3953	2341
25 Oct	62649	12106	10102	3938	2351
26 Oct	61851	11837	10076	3775	2331
27 Oct	60694	11473	9897	3762	2352
28 Oct	61078	11254	9927	3743	2345
29 Oct	60569	10875	9894	3872	2343
30 Oct	58868	10396	9854	3753	2332
31 Oct	58418	10095	9975	4073	2319
1 Nov	56899	9209	9580	4188	2241
2 Nov	55792	9158	9521	4064	2202
3 Nov	54732	8739	9613	4064	2194
4 Nov	54190	8558	9824	4234	2170
5 Nov	54306	8368	10062	4249	2166
6 Nov	54427	7998	10198	4557	2168
7 Nov	54879	8116	10212	4717	2156
8 Nov	54804	7955	10065	5090	2162
9 Nov	53614	7535	9473	5402	2140
10 Nov	53846	7282	9311	5835	2091
11 Nov	54300	6895	9540	5675	2055
12 Nov	55274	6662	9728	5933	2063
13 Nov	57604	6702	10142	6939	2067
14 Nov	59765	6906	10477	7891	2068
15 Nov	59911	7091	9763	8665	2015
16 Nov	59909	7052	9574	9027	2018
17 Nov	60426	7211	9402	9277	2172
18 Nov	60870	7499	8986	9366	2268
19 Nov	61306	7784	8931	9469	2458
20 Nov	62080	8073	8775	9571	2496
21 Nov	63579	8543	8509	9975	2563
22 Nov	63596	8794	8187	9809	2533
23 Nov	63722	8722	7774	10494	2471
24 Nov	64878	8658	7641	11109	2637
25 Nov	65804	8814	7608	11746	2724
26 Nov	66752	8739	7668	12002	2784
27 Nov	68604	9344	7580	12534	2814
28 Nov	69370	9454	7080	13173	2841
29 Nov	71658	10052	6532	14376	2937
30 Nov	71420	10217	6559	13963	2986
1 Dec	72015	10228	6710	14210	3012
2 Dec	73429	10310	7084	14525	3045
3 Dec	77969	10464	8458	14951	3240
4 Dec	80023	10538	9067	15504	3433
5 Dec	81669	10864	9464	15890	3504
6 Dec	83285	11117	9720	16238	3659
7 Dec	84481	11625	9817	16538	3729
8 Dec	85345	11609	9800	16878	3693
9 Dec	87284	11744	10146	17418	4015
10 Dec	88622	11864	10291	17750	4103
11 Dec	89846	11872	10387	18434	4299
12 Dec	91602	11878	10661	19030	4498
13 Dec	93165	12044	10877	19686	4592
14 Dec	93396	12061	10609	19674	4734
15 Dec	93662	12019	10717	19538	4660
16 Dec	94922	12078	11130	19076	4831
17 Dec	97139	12372	11498	19377	5065
18 Dec	98688	12702	11553	19334	5238
19 Dec	102029	13478	12048	20077	5422
20 Dec	103239	13173	11913	20710	5292
21 Dec	104809	13253	11995	21172	5475
22 Dec	105146	13171	12146	21450	5538
23 Dec	106528	13660	12092	21800	5662
24 Dec	108269	14230	12292	22217	5778
25 Dec	108946	14572	12470	22006	6002
26 Dec	109150	14058	12393	22476	6086
27 Dec	108452	14201	12070	22580	6184
28 Dec	107789	14158	11641	22805	6221
29 Dec	108636	15189	11810	22976	6153
30 Dec	109439	15647	11833	23409	6077
31 Dec	109963	15678	11619	23745	6190
1 Jan	111005	15965	11910	24034	6201
2 Jan	110400	15566	12160	23995	6066
3 Jan	110679	15533	12273	24386	5997
4 Jan	110089	14837	12306	24351	6038
5 Jan	110693	15301	12315	23745	6132
6 Jan	112593	16624	12411	23707	6224
7 Jan	114766	17560	12617	23802	6247
8 Jan	117704	17814	13523	23957	6457
9 Jan	120928	18422	14069	24688	6627
10 Jan	122873	18199	14577	25573	6601
11 Jan	123636	18119	14981	25800	6801
12 Jan	126313	19097	15536	25719	6865
13 Jan	129628	19576	16212	26370	6864
14 Jan	133149	20623	17032	26638	6998
15 Jan	138238	21078	19026	27833	7265
16 Jan	143517	22371	20301	28940	7640
17 Jan	145482	21958	20199	30552	7572
18 Jan	144798	21481	20033	30848	7520
19 Jan	146842	21619	20331	31642	7589
20 Jan	149388	21487	20648	32819	7636
21 Jan	151658	22038	20219	33574	7742
22 Jan	156683	23620	21291	34686	7933
23 Jan	158751	23382	20965	35977	7942
24 Jan	162617	24527	21518	37462	7839
25 Jan	161636	24431	22307	36478	7826
26 Jan	163526	23760	23970	36368	7886
27 Jan	164113	22592	25262	36407	7953
28 Jan	166540	22710	27304	36486	8067
29 Jan	170017	23686	28896	37580	8008
30 Jan	174083	23581	30827	38521	7844
31 Jan	175095	23658	31153	39459	7767
1 Feb	175349	25085	31567	38365	7436
2 Feb	172576	23826	31277	38038	7340
3 Feb	175236	25747	31618	38803	7119
4 Feb	174798	25376	31262	39712	6945
5 Feb	176672	26196	30677	41067	6823
6 Feb	176433	24097	31527	42543	6736
7 Feb	176291	23961	31413	43498	6480
8 Feb	171288	23644	29766	43264	6194
9 Feb	169351	24245	28308	43499	5891
10 Feb	168416	24266	27903	43398	5752
11 Feb	166492	22725	27807	43620	5917
12 Feb	165086	20849	26903	44110	5488
13 Feb	161731	19068	26155	44207	5337
14 Feb	159012	17184	25339	44569	5137
15 Feb	158498	16926	25016	45198	4794
16 Feb	160689	16642	26934	45983	4634
17 Feb	162182	15941	28352	46609	4583
18 Feb	160494	13587	29514	46873	4441
19 Feb	160142	13137	30685	47599	4371
20 Feb	158197	13083	30127	47930	4347
21 Feb	157088	13072	29521	48177	4185
22 Feb	157148	13193	30485	48058	4041
23 Feb	158604	12116	32747	48094	4031
24 Feb	158162	10404	33552	48712	4023
25 Feb	157705	9625	34959	48231	3924
26 Feb	158408	9458	36398	47635	3898
27 Feb	157039	9977	36618	45699	3802
28 Feb	155765	11424	36803	43280	3634
1 Mar	153074	9817	36769	43030	3488
2 Mar	149645	8284	36135	43187	3340
3 Mar	147197	7234	35748	42389	3223
4 Mar	147845	7467	36217	42259	3103
5 Mar	148356	7415	36298	42906	3012
6 Mar	147172	7290	36066	43444	2922
7 Mar	147740	7253	36892	43263	2802
8 Mar	145628	7504	36650	41749	2675
9 Mar	144311	6671	37410	40732	2608
10 Mar	144213	6839	37711	40364	2584
11 Mar	141070	7665	34274	40275	2528
12 Mar	140451	8448	33106	39989	2485
13 Mar	138942	7626	32438	39920	2414
14 Mar	137912	6782	32619	39956	2373
15 Mar	136524	6529	32361	40070	2291
16 Mar	134042	5774	31822	39223	2235
17 Mar	131695	5963	28983	39093	2189
18 Mar	131753	6491	29030	38797	2181
19 Mar	131828	6885	29400	38502	2147
20 Mar	131616	7610	28503	38411	2114
21 Mar	129844	7353	27674	38406	2122
22 Mar	128250	7093	27826	37392	2074
23 Mar	126439	6201	27607	37092	2015
24 Mar	123926	5334	26460	36301	2047
25 Mar	125279	6329	26473	36269	2141
26 Mar	124497	7084	25832	35983	2161
27 Mar	124517	7769	25024	36030	2064
28 Mar	124236	7857	24712	36130	2078
29 Mar	123694	7841	24946	35583	2020
30 Mar	122326	7012	24807	35088	1998
31 Mar	122524	6780	25054	34907	2023
1 Apr	121222	7190	24726	34736	2024
2 Apr	121011	7098	24899	34827	1994
3 Apr	120068	6908	24865	34958	1953
4 Apr	116709	6615	24905	35111	1945
5 Apr	114475	6153	25118	33415	1876
6 Apr	114566	6095	25369	33236	1856
7 Apr	113570	6320	25443	31547	1924
8 Apr	111271	6682	24921	29586	1965
9 Apr	110138	7283	25378	27347	2010
10 Apr	111137	7427	25891	27312	2034
11 Apr	109958	7025	25968	27139	1997
12 Apr	109372	6353	27061	26599	1979
13 Apr	108599	6275	27421	25491	1973
14 Apr	108384	6315	28303	24406	1977
15 Apr	108032	7113	28126	23092	2017
16 Apr	107297	7039	28507	21847	2041
17 Apr	106243	7059	28634	20545	2050
18 Apr	105859	7027	28987	19575	2051
19 Apr	104319	6998	29547	18361	2039
20 Apr	102930	6546	30282	16653	2051
21 Apr	101106	6563	28934	15161	2097
22 Apr	101191	7167	28926	14091	2130
23 Apr	100533	7312	28938	12849	2143
24 Apr	99970	7322	28555	12494	2152
25 Apr	100474	7242	28834	12429	2155
26 Apr	100652	6638	29924	12533	1715
27 Apr	100256	6414	30225	12203	1683
28 Apr	100502	6357	30534	11736	1697
29 Apr	100102	6841	30483	10839	1746
30 Apr	100213	7086	30454	10241	1775
1 May	100250	7204	30443	10182	1785
2 May	100760	7064	30626	10263	1756
3 May	100564	7114	30958	10164	1699
4 May	99087	6926	30461	9844	1722
5 May	98217	7073	30144	9726	1741
6 May	98277	7391	29588	9659	1722
7 May	98546	7559	30173	9409	1652
8 May	99003	7681	30394	9091	1651
9 May	98395	7784	30321	8750	1668
10 May	96742	7850	29071	8782	1640
11 May	95924	7569	29353	8461	1673
12 May	95709	7538	29392	8254	1675
13 May	94857	7723	29181	7587	1661
14 May	93576	7792	29104	7277	1614
15 May	91636	7431	29246	7056	1542
16 May	90800	7281	29590	6987	1526
17 May	89129	7391	29782	6820	1435
18 May	87514	7387	29255	6728	1411
19 May	87829	7782	28944	6895	1437
20 May	88439	8561	28938	6949	1432
21 May	89429	9301	28523	7399	1491
22 May	91240	9824	28866	7734	1512
23 May	92847	10339	29117	7816	1524
24 May	93393	10846	29068	7821	1525
25 May	94486	10710	29057	8155	1537
26 May	96187	10800	29045	8429	1648
27 May	98405	11136	29343	8878	1660
28 May	98704	10811	29610	8958	1681
29 May	99690	10699	29637	9328	1714
30 May	101639	10756	29785	10050	1754
31 May	102006	10882	29877	10334	1748
1 Jun	101325	10870	28718	11040	1782
2 Jun	100364	10867	26749	11576	1789
3 Jun	94438	11059	20258	11783	1818
4 Jun	94773	11130	19450	12045	1841
5 Jun	96973	11597	19725	13000	1879
6 Jun	98455	11712	20225	13450	1946
7 Jun	99663	12048	21019	13652	2023
8 Jun	99963	11835	21070	14424	2131
9 Jun	101635	12085	21772	14926	2283
10 Jun	104655	13046	21827	15812	2449
11 Jun	106315	14136	21654	16032	2599
12 Jun	108324	15847	21750	16723	2731
13 Jun	113388	17662	22271	19122	2915
14 Jun	115197	19311	22034	19820	3008
15 Jun	116787	19466	22529	20572	3221
16 Jun	120306	20530	23602	21209	3621
17 Jun	125303	22754	25289	21932	3951
18 Jun	130096	24908	26739	22422	4235
19 Jun	135738	27301	27782	24026	4544
20 Jun	142719	30357	28756	25981	4856
21 Jun	147728	32462	30202	26988	5158
22 Jun	152686	32542	32571	27686	5480
23 Jun	160524	35997	34413	28204	5880
24 Jun	171542	41014	35717	30256	6380
25 Jun	181435	45308	38219	30322	6794
26 Jun	194776	51803	40736	32006	7155
27 Jun	207685	57640	43436	33805	7483
28 Jun	218476	62494	46961	34391	7939
29 Jun	228835	66288	49617	35757	8379
30 Jun	239368	70375	51825	35990	8840
1 Jul	253826	74343	56655	36759	9468
2 Jul	267539	78699	59965	37911	9987
3 Jul	281677	82679	63045	39447	10708
4 Jul	295228	87272	65330	41364	11358
5 Jul	309999	91458	70596	43110	11885
6 Jul	324597	94660	74263	45498	12494
7 Jul	343101	100229	79082	46039	13842
8 Jul	359455	102216	83459	47803	14937
9 Jul	367733	100168	85748	49098	15572
10 Jul	373440	96159	86511	50944	16412
11 Jul	376015	88636	89363	50943	17118
12 Jul	380797	82654	92681	50950	18020
13 Jul	407709	90185	95559	51618	21979
14 Jul	443473	99723	101742	53756	26996
15 Jul	480199	109247	107580	55663	33027
16 Jul	504915	113082	110834	56943	38288
17 Jul	527872	111570	115257	60673	42221
18 Jul	542236	108683	119048	61773	44566
19 Jul	542938	100759	121035	61869	45765
20 Jul	550192	94633	124826	60771	48569
21 Jul	549694	89884	123795	60659	49046
22 Jul	561384	86117	126865	59513	52219
23 Jul	569901	79551	128759	59470	54697
24 Jul	574135	73148	129522	60593	55612
25 Jul	573908	64023	129560	62175	55191
26 Jul	560275	51860	128847	61266	53487
27 Jul	556281	40668	127787	61352	54514
28 Jul	558392	35084	127881	61140	55944
29 Jul	554484	27477	127345	58727	57126
30 Jul	549343	19737	126732	57159	56990
31 Jul	545447	17850	123826	57147	56194
1 Aug	535135	15884	122965	56649	53547
2 Aug	523164	14979	118967	57298	49855
3 Aug	524142	14004	118075	57659	49263
4 Aug	524011	14451	116549	55173	48762
5 Aug	518310	13877	111462	51356	47875
6 Aug	507375	12799	107907	45972	46978
7 Aug	497824	10177	105913	46081	45565
8 Aug	474233	10654	89300	45053	44271
9 Aug	448508	10357	82802	42751	42454
10 Aug	437055	10520	79033	40469	41272
11 Aug	426170	11101	73967	38236	39451
12 Aug	412776	9881	71226	35694	38165
13 Aug	400129	9453	65365	35861	37706
14 Aug	395577	9568	65000	34809	36173
15 Aug	384807	9667	64154	34519	34123
16 Aug	371021	9205	62027	33839	31662
17 Aug	358357	8916	59686	31619	29780
18 Aug	343203	9035	56337	28393	27827
19 Aug	334752	8798	52684	27629	26908
20 Aug	327286	8807	52087	29538	25866
21 Aug	319658	8770	51837	28949	24416
22 Aug	306760	8342	51140	28069	22832
23 Aug	290764	8166	50984	27627	20434
24 Aug	273750	8124	41673	28006	18636
25 Aug	257677	8180	33381	27216	17359
26 Aug	243588	7717	27706	26758	15922
27 Aug	236317	7995	26468	26735	14800
28 Aug	227182	8002	25743	26748	13784
29 Aug	217590	7764	24802	25959	12695
30 Aug	203060	7266	22598	25483	11563
31 Aug	196281	7107	21401	24985	11091
1 Sep	189571	6671	20823	24668	10593
2 Sep	176638	6256	16724	20699	9797
3 Sep	168317	5755	15132	19999	9389
4 Sep	160699	5620	13066	19957	8710
5 Sep	155519	5595	12608	19901	8209
6 Sep	146271	5061	11135	19603	7520
7 Sep	138630	4779	8812	18917	7121
8 Sep	132823	4523	8325	18496	6729
9 Sep	127829	4332	8117	18303	6344
10 Sep	118534	4125	7719	18128	6023
11 Sep	115679	3972	7862	18030	5850
12 Sep	109869	3953	7447	16180	5572
13 Sep	99696	3681	6945	14472	5171
14 Sep	92328	3368	6609	12708	4909
15 Sep	84963	3289	5983	11084	4636
16 Sep	73238	3125	5565	9438	4289
17 Sep	68942	2969	5506	7735	4005
18 Sep	65066	2919	5308	6690	3742
19 Sep	60969	2890	4850	5497	3484
20 Sep	55936	2569	4504	3885	3191
21 Sep	52447	2358	4215	3777	2956
22 Sep	49662	2294	3986	3686	2870
23 Sep	47957	2192	3843	3755	2640
24 Sep	45803	2041	3719	3798	2484
25 Sep	44071	1972	3691	3885	2314
26 Sep	42769	2011	3546	3872	2237
27 Sep	40270	1859	3260	3795	2028
28 Sep	38652	1786	3220	3791	1947
29 Sep	37412	1764	3017	3684	1886
30 Sep	36141	1716	2879	3518	1811
1 Oct	34867				
2 Oct	33812				
3 Oct	32876				
4 Oct	31054				
5 Oct	29823				
6 Oct	28381				
7 Oct	27747				
8 Oct	25551				
9 Oct	25159				
10 Oct	24430				
11 Oct	22541				
12 Oct	21625				
13 Oct	20551				
14 Oct	19852				
15 Oct	19318				
16 Oct	18746				
17 Oct	18388				
18 Oct	17374				
19 Oct	16697				
20 Oct	16376				
21 Oct	15594				
22 Oct	15090				
23 Oct	14803				
24 Oct	14360				
25 Oct	13554				
26 Oct	12989				
27 Oct	12735				
28 Oct	12440				
29 Oct	12414				
30 Oct	12309				
31 Oct	12318				
1 Nov	11919				
2 Nov	11629				
3 Nov	11592				
4 Nov	11364				
5 Nov	11215				
6 Nov	10979				
7 Nov	10825				
8 Nov	9774				
9 Nov	9602				
10 Nov	9537				
11 Nov	9486				
12 Nov	9305				
13 Nov	9198				
14 Nov	9018				
15 Nov	8522				
16 Nov	8339				
17 Nov	8390				
18 Nov	8315				
19 Nov	8154				
20 Nov	8154				
21 Nov	8126				
22 Nov	7965				
23 Nov	7916				
24 Nov	7977				
25 Nov	8040				
26 Nov	8093				
27 Nov	8226				
28 Nov	8214				
29 Nov	7960				
30 Nov	7922				
1 Dec	7883				
2 Dec	7796				
3 Dec	7705				
4 Dec	7632				
5 Dec	7526				
6 Dec	5642				
7 Dec	5466				
8 Dec	5363				
9 Dec	5278				
10 Dec	5154				
11 Dec	5186				
12 Dec	5158				
13 Dec	5064				
14 Dec	4905				
15 Dec	4864				
16 Dec	4833				
17 Dec	4912				
18 Dec	4918				
19 Dec	4923				
20 Dec	4829				
21 Dec	4829				
22 Dec	4746				
23 Dec	4642				
24 Dec	4659				
25 Dec	4713				
26 Dec	4655				
27 Dec	4496				
28 Dec	4614				
29 Dec	4528				
30 Dec	4311				
31 Dec	4292				
1 Jan	4399				
2 Jan	4382				
3 Jan	4530				
4 Jan	4658				
5 Jan	4878				
6 Jan	5195				
7 Jan	5494				
8 Jan	5792				
9 Jan	6108				
10 Jan	6311				
11 Jan	6659				
12 Jan	6985				
13 Jan	7388				
14 Jan	7877				
15 Jan	8463				
16 Jan	8605				
17 Jan	8775				
18 Jan	9564				
19 Jan	10796				
20 Jan	12328				
21 Jan	14119				
22 Jan	16692				
23 Jan	18891				
24 Jan	20867				
25 Jan	24856				
26 Jan	29277				
27 Jan	35704				
